1: 1 7 8 9
2: 2 3 4 5
3: 1 3 7 9
4: 3 6 8 9
5: 6 7 8 9
6: 4 5 7 9
7: 1 2 4 5
8: 1 2 4 8
9: 1 4 7 8
10: 3 4 6 7
1: 1 7 8 9
2: 2 3 4 5
3: 1 3 7 9
4: 3 6 8 9
5: 6 7 8 9
6: 4 5 7 9
7: 1 2 4 5
8: 1 2 4 8
9: 1 4 7 8
10: 3 4 6 7
1: 1 7 8 9
2: 2 3 4 5
3: 1 3 7 9
4: 3 6 8 9
5: 6 7 8 9
6: 4 5 7 9
7: 1 2 4 5
8: 1 2 4 8
9: 1 4 7 8
10: 3 4 6 7
1: 1 7 8 9
2: 2 3 4 5
3: 1 3 7 9
4: 3 6 8 9
5: 6 7 8 9
6: 4 5 7 9
7: 1 2 4 5
8: 1 2 4 8
9: 1 4 7 8
10: 3 4 6 7
1: 1 7 8 9
2: 2 3 4 5
3: 1 3 7 9
4: 3 6 8 9
5: 6 7 8 9
6: 4 5 7 9
7: 1 2 4 5
8: 1 2 4 8
9: 1 4 7 8
10: 3 4 6 7
1: 1 7 8 9
2: 2 3 4 5
3: 1 3 7 9
4: 3 6 8 9
5: 6 7 8 9
6: 4 5 7 9
7: 1 2 4 5
8: 1 2 4 8
9: 1 4 7 8
10: 3 4 6 7
1: 1 7 8 9
2: 2 3 4 5
3: 1 3 7 9
4: 3 6 8 9
5: 6 7 8 9
6: 4 5 7 9
7: 1 2 4 5
8: 1 2 4 8
9: 1 4 7 8
10: 3 4 6 7
1: 1 7 8 9
2: 2 3 4 5
3: 1 3 7 9
4: 3 6 8 9
5: 6 7 8 9
6: 4 5 7 9
7: 1 2 4 5
8: 1 2 4 8
9: 1 4 7 8
10: 3 4 6 7
1: 1 7 8 9
2: 2 3 4 5
3: 1 3 7 9
4: 3 6 8 9
5: 6 7 8 9
6: 4 5 7 9
7: 1 2 4 5
8: 1 2 4 8
9: 1 4 7 8
10: 3 4 6 7
1: 1 7 8 9
2: 2 3 4 5
3: 1 3 7 9
4: 3 6 8 9
5: 6 7 8 9
6: 4 5 7 9
7: 1 2 4 5
8: 1 2 4 8
9: 1 4 7 8
10: 3 4 6 7
1: 1 7 8 9
2: 2 3 4 5
3: 1 3 7 9
4: 3 6 8 9
5: 6 7 8 9
6: 4 5 7 9
7: 1 2 4 5
8: 1 2 4 8
9: 1 4 7 8
10: 3 4 6 7
1: 1 7 8 9
2: 2 3 4 5
3: 1 3 7 9
4: 3 6 8 9
5: 6 7 8 9
6: 4 5 7 9
7: 1 2 4 5
8: 1 2 4 8
9: 1 4 7 8
10: 3 4 6 7
1: 1 7 8 9
2: 2 3 4 5
3: 1 3 7 9
4: 3 6 8 9
5: 6 7 8 9
6: 4 5 7 9
7: 1 2 4 5
8: 1 2 4 8
9: 1 4 7 8
10: 3 4 6 7
1: 1 7 8 9
2: 2 3 4 5
3: 1 3 7 9
4: 3 6 8 9
5: 6 7 8 9
6: 4 5 7 9
7: 1 2 4 5
8: 1 2 4 8
9: 1 4 7 8
10: 3 4 6 7
1: 1 7 8 9
2: 2 3 4 5
3: 1 3 7 9
4: 3 6 8 9
5: 6 7 8 9
6: 4 5 7 9
7: 1 2 4 5
8: 1 2 4 8
9: 1 4 7 8
10: 3 4 6 7
1: 1 7 8 9
2: 2 3 4 5
3: 1 3 7 9
4: 3 6 8 9
5: 6 7 8 9
6: 4 5 7 9
7: 1 2 4 5
8: 1 2 4 8
9: 1 4 7 8
10: 3 4 6 7
1: 1 7 8 9
2: 2 3 4 5
3: 1 3 7 9
4: 3 6 8 9
5: 6 7 8 9
6: 4 5 7 9
7: 1 2 4 5
8: 1 2 4 8
9: 1 4 7 8
10: 3 4 6 7
1: 1 7 8 9
2: 2 3 4 5
3: 1 3 7 9
4: 3 6 8 9
5: 6 7 8 9
6: 4 5 7 9
7: 1 2 4 5
8: 1 2 4 8
9: 1 4 7 8
10: 3 4 6 7
1: 1 7 8 9
2: 2 3 4 5
3: 1 3 7 9
4: 3 6 8 9
5: 6 7 8 9
6: 4 5 7 9
7: 1 2 4 5
8: 1 2 4 8
9: 1 4 7 8
10: 3 4 6 7
1: 1 7 8 9
2: 2 3 4 5
3: 1 3 7 9
4: 3 6 8 9
5: 6 7 8 9
6: 4 5 7 9
7: 1 2 4 5
8: 1 2 4 8
9: 1 4 7 8
10: 3 4 6 7
1: 1 7 8 9
2: 2 3 4 5
3: 1 3 7 9
4: 3 6 8 9
5: 6 7 8 9
6: 4 5 7 9
7: 1 2 4 5
8: 1 2 4 8
9: 1 4 7 8
10: 3 4 6 7
1: 1 7 8 9
2: 2 3 4 5
3: 1 3 7 9
4: 3 6 8 9
5: 6 7 8 9
6: 4 5 7 9
7: 1 2 4 5
8: 1 2 4 8
9: 1 4 7 8
10: 3 4 6 7
1: 1 7 8 9
2: 2 3 4 5
3: 1 3 7 9
4: 3 6 8 9
5: 6 7 8 9
6: 4 5 7 9
7: 1 2 4 5
8: 1 2 4 8
9: 1 4 7 8
10: 3 4 6 7
1: 1 7 8 9
2: 2 3 4 5
3: 1 3 7 9
4: 3 6 8 9
5: 6 7 8 9
6: 4 5 7 9
7: 1 2 4 5
8: 1 2 4 8
9: 1 4 7 8
10: 3 4 6 7
1: 1 7 8 9
2: 2 3 4 5
3: 1 3 7 9
4: 3 6 8 9
5: 6 7 8 9
6: 4 5 7 9
7: 1 2 4 5
8: 1 2 4 8
9: 1 4 7 8
10: 3 4 6 7
1: 1 7 8 9
2: 2 3 4 5
3: 1 3 7 9
4: 3 6 8 9
5: 6 7 8 9
6: 4 5 7 9
7: 1 2 4 5
8: 1 2 4 8
9: 1 4 7 8
10: 3 4 6 7
1: 1 7 8 9
2: 2 3 4 5
3: 1 3 7 9
4: 3 6 8 9
5: 6 7 8 9
6: 4 5 7 9
7: 1 2 4 5
8: 1 2 4 8
9: 1 4 7 8
10: 3 4 6 7
1: 1 7 8 9
2: 2 3 4 5
3: 1 3 7 9
4: 3 6 8 9
5: 6 7 8 9
6: 4 5 7 9
7: 1 2 4 5
8: 1 2 4 8
9: 1 4 7 8
10: 3 4 6 7
1: 1 7 8 9
2: 2 3 4 5
3: 1 3 7 9
4: 3 6 8 9
5: 6 7 8 9
6: 4 5 7 9
7: 1 2 4 5
8: 1 2 4 8
9: 1 4 7 8
10: 3 4 6 7
1: 1 7 8 9
2: 2 3 4 5
3: 1 3 7 9
4: 3 6 8 9
5: 6 7 8 9
6: 4 5 7 9
7: 1 2 4 5
8: 1 2 4 8
9: 1 4 7 8
10: 3 4 6 7
